23.602000 1
23.585000 2
23.601000 3
23.584000 4
23.599000 5
23.579000 6
23.602000 7
23.605000 8
23.589000 9
23.603000 10
23.587000 11
23.602000 12
23.588000 13
23.602000 14
23.587000 15
23.600000 16
23.577000 17
23.601000 18
23.604000 19
23.589000 20
23.603000 21
23.587000 22
23.600000 23
23.585000 24
23.602000 25
18.505000 26
18.502000 27
18.504000 28
18.503000 29
18.502000 30
18.503000 31
18.502000 32
18.503000 33
18.502000 34
18.503000 35
18.502000 36
18.504000 37
18.502000 38
18.502000 39
18.503000 40
18.502000 41
18.503000 42
18.502000 43
18.503000 44
18.502000 45
18.504000 46
18.502000 47
18.502000 48
18.503000 49
18.502000 50
18.503000 51
18.502000 52
18.503000 53
18.502000 54
18.504000 55
18.502000 56
18.502000 57
18.503000 58
18.502000 59
18.504000 60
18.502000 61
18.503000 62
18.502000 63
18.503000 64
18.502000 65
18.503000 66
18.503000 67
18.502000 68
18.503000 69
18.502000 70
18.503000 71
18.502000 72
18.503000 73
23.604000 74
23.586000 75
23.602000 76
23.602000 77
23.590000 78
23.604000 79
23.588000 80
23.602000 81
23.587000 82
23.600000 83
23.585000 84
23.601000 85
23.592000 86
23.594000 87
23.602000 88
23.586000 89
23.601000 90
23.587000 91
23.601000 92
23.584000 93
23.599000 94
23.579000 95
23.599000 96
23.603000 97
23.587000 98
23.603000 99
23.586000 100
23.600000 101
23.586000 102
23.601000 103
23.587000 104
23.600000 105
23.577000 106
23.602000 107
23.602000 108
23.586000 109
23.603000 110
23.586000 111
23.601000 112
23.586000 113
23.601000 114
23.585000 115
23.602000 116
23.588000 117
23.600000 118
23.602000 119
23.585000 120
18.502000 121
18.504000 122
18.502000 123
18.504000 124
18.502000 125
18.504000 126
18.502000 127
18.502000 128
18.503000 129
18.502000 130
18.503000 131
18.502000 132
18.503000 133
18.502000 134
18.504000 135
18.502000 136
18.502000 137
18.503000 138
18.502000 139
18.503000 140
18.502000 141
18.503000 142
18.502000 143
18.503000 144
18.502000 145
18.503000 146
18.502000 147
18.502000 148
18.503000 149
18.502000 150
18.503000 151
18.502000 152
18.503000 153
18.502000 154
18.504000 155
18.502000 156
18.502000 157
18.503000 158
18.502000 159
18.503000 160
18.502000 161
18.503000 162
18.502000 163
18.504000 164
18.502000 165
18.502000 166
18.503000 167
18.502000 168
23.594000 169
23.603000 170
23.589000 171
23.601000 172
23.587000 173
23.600000 174
23.593000 175
23.597000 176
23.603000 177
23.588000 178
23.601000 179
23.584000 180
23.601000 181
23.584000 182
23.600000 183
23.580000 184
23.600000 185
23.602000 186
23.586000 187
23.603000 188
23.585000 189
23.601000 190
23.584000 191
23.599000 192
23.582000 193
23.599000 194
23.577000 195
23.602000 196
23.602000 197
23.588000 198
23.602000 199
23.586000 200
23.603000 201
23.587000 202
23.602000 203
23.585000 204
23.600000 205
23.589000 206
23.598000 207
23.602000 208
23.588000 209
23.602000 210
23.587000 211
23.600000 212
23.586000 213
23.601000 214
23.582000 215
18.502000 216
18.502000 217
18.504000 218
18.502000 219
18.504000 220
18.502000 221
18.503000 222
18.502000 223
18.503000 224
18.502000 225
18.503000 226
18.503000 227
18.502000 228
18.503000 229
18.502000 230
18.503000 231
18.502000 232
18.503000 233
18.502000 234
18.504000 235
18.502000 236
18.502000 237
18.503000 238
18.502000 239
18.503000 240
18.502000 241
18.503000 242
18.502000 243
18.504000 244
18.502000 245
18.502000 246
18.503000 247
18.502000 248
18.503000 249
18.502000 250
18.503000 251
18.502000 252
18.503000 253
18.502000 254
18.502000 255
18.503000 256
18.502000 257
18.503000 258
18.502000 259
18.503000 260
18.502000 261
18.504000 262
18.502000 263
23.594000 264
23.596000 265
23.603000 266
23.590000 267
23.603000 268
23.588000 269
23.601000 270
23.585000 271
23.602000 272
23.581000 273
23.600000 274
23.602000 275
23.587000 276
23.600000 277
23.586000 278
23.602000 279
23.585000 280
23.600000 281
23.585000 282
23.598000 283
23.575000 284
23.602000 285
23.603000 286
23.588000 287
23.602000 288
23.586000 289
23.600000 290
23.585000 291
23.601000 292
23.583000 293
23.600000 294
23.592000 295
23.593000 296
23.602000 297
23.588000 298
23.603000 299
23.587000 300
23.600000 301
23.582000 302
23.599000 303
23.580000 304
23.601000 305
23.605000 306
23.588000 307
23.602000 308
23.586000 309
23.603000 310
18.504000 311
18.502000 312
18.504000 313
18.502000 314
18.504000 315
18.502000 316
18.502000 317
18.503000 318
18.502000 319
18.503000 320
18.502000 321
18.503000 322
18.502000 323
18.504000 324
18.502000 325
18.502000 326
18.503000 327
18.502000 328
18.503000 329
18.502000 330
18.503000 331
18.502000 332
18.504000 333
18.502000 334
18.502000 335
18.503000 336
18.502000 337
18.503000 338
18.502000 339
18.503000 340
18.502000 341
18.503000 342
18.502000 343
18.503000 344
18.503000 345
18.502000 346
18.503000 347
18.502000 348
18.503000 349
18.502000 350
18.503000 351
18.502000 352
18.504000 353
18.502000 354
18.502000 355
18.503000 356
18.502000 357
18.503000 358
23.604000 359
23.592000 360
23.601000 361
23.583000 362
23.603000 363
23.606000 364
23.589000 365
23.602000 366
23.586000 367
23.600000 368
23.588000 369
23.602000 370
23.586000 371
23.600000 372
23.575000 373
23.601000 374
23.603000 375
23.587000 376
23.602000 377
23.586000 378
23.601000 379
23.584000 380
23.600000 381
23.585000 382
23.600000 383
23.595000 384
23.589000 385
23.602000 386
23.586000 387
23.602000 388
23.586000 389
23.600000 390
23.585000 391
23.600000 392
23.579000 393
23.601000 394
23.605000 395
23.588000 396
23.603000 397
23.587000 398
23.601000 399
23.586000 400
23.600000 401
23.586000 402
23.600000 403
23.576000 404
23.600000 405
18.502000 406
18.504000 407
18.502000 408
18.504000 409
18.502000 410
18.504000 411
18.502000 412
18.504000 413
18.502000 414
18.502000 415
18.503000 416
18.502000 417
18.503000 418
18.502000 419
18.503000 420
18.502000 421
18.503000 422
18.502000 423
18.503000 424
18.503000 425
18.502000 426
18.503000 427
18.502000 428
18.503000 429
18.502000 430
18.503000 431
18.502000 432
18.504000 433
18.502000 434
18.502000 435
18.503000 436
18.502000 437
18.503000 438
18.502000 439
18.503000 440
18.502000 441
18.504000 442
18.502000 443
18.502000 444
18.503000 445
18.502000 446
18.504000 447
18.502000 448
18.503000 449
18.502000 450
18.504000 451
18.502000 452
18.502000 453
23.596000 454
23.605000 455
23.591000 456
23.602000 457
23.588000 458
23.602000 459
23.587000 460
23.601000 461
23.576000 462
23.602000 463
23.603000 464
23.588000 465
23.603000 466
23.587000 467
23.602000 468
23.584000 469
23.599000 470
23.583000 471
23.600000 472
23.595000 473
23.590000 474
23.602000 475
23.585000 476
23.600000 477
23.587000 478
23.601000 479
23.585000 480
23.601000 481
23.579000 482
23.600000 483
23.603000 484
23.588000 485
23.603000 486
23.587000 487
23.602000 488
23.586000 489
23.601000 490
23.587000 491
23.600000 492
23.576000 493
23.602000 494
23.603000 495
23.587000 496
23.603000 497
23.588000 498
23.602000 499
23.585000 500
